A_id,B_id
3574,4515
4032,2974
2544,1440
1430,1440
552,1440
1159,4515
488,2955
2717,1440
1822,4515
380,4515
2976,4515
4028,1440
4173,1440
2203,4863
2999,4515
4560,4515
129,4515
2536,1440
4317,1440
3852,4515
2683,4515
3277,1440
2309,2713
2264,4881
4439,1440
3764,1796
1990,1440
2678,1440
3866,1440
404,1440
3430,1440
2743,4515
3855,1440
4487,1440
239,2951
4407,1440
1733,1440
337,1440
2099,3665
4021,4515
3562,3634
3284,1440
4592,1440
1797,1440
3386,1440
1297,1440
837,1440
3341,4515
4752,4515
3303,1440
2914,1440
3936,4876
603,1440
1407,4515
503,1440
2592,4647
2639,1440
1631,4515
3705,1440
3826,1440
1609,130
4331,4515
3310,1440
1963,4515
1228,101
1824,4515
3293,4515
1266,1440
892,1440
3954,4368
1475,4515
3289,1440
3782,4515
3155,4515
995,1004
676,1440
3874,4515
2897,1440
3162,1440
3250,4515
1655,4515
2135,4515
2471,4724
1277,4035
3859,887
1593,3685
468,4515
3647,4515
34,1440
4431,1440
400,4515
3672,4515
2350,1440
4132,4515
878,1440
1794,4515
2453,1440
2330,1440
3172,1440
2138,4515
4279,4515
1376,4515
1810,1440
4078,2186
4394,1440
3172,4515
1886,4010
3227,745
1381,4515
751,1440
2991,1440
2397,1440
509,1440
3539,1440
1434,2770
2756,3847
1982,1440
3617,4515
382,1440
2620,4515
550,4515
2070,1440
1793,4166
192,1440
4254,4515
4069,1440
121,4515
2936,4515
1792,1004
1876,1440
2027,4413
3952,708
2007,4515
4265,1440
1832,2474
824,4515
3994,4515
2193,1440
1115,4515
1967,1440
3662,1440
4748,4515
3364,1440
312,4515
884,1440
3842,2374
324,4515
1946,3996
3000,1440
3106,4515
4520,4515
1678,1004
3793,1440
3641,5092
3881,4832
778,4515
4029,4515
4031,4515
2492,4515
2632,4658
4369,1440
2286,3761
4328,4515
1620,1440
564,1440
731,1440
3662,4515
911,1440
3315,4515
4672,4515
2345,1440
2953,4515
2463,4082
3239,1440
3032,4515
3381,4515
1809,4515
6,4345
4042,1440
2662,4515
1928,2200
1433,4646
4242,4515
4087,1440
989,1440
3589,1440
4101,4515
1170,2548
478,2516
3505,4515
4091,4515
3408,1530
152,1440
3889,4515
1894,1440
3814,4515
4575,1440
1362,4515
2459,4515
1218,4515
3222,4515
443,1440
3931,1440
2465,4515
2992,4515
2999,1440
1621,3541
2437,1440
345,1440
2274,4515
1075,1440
587,4515
853,1440
1601,4515
306,4515
3046,1440
4662,1440
1814,4515
210,4515
286,1440
1353,4515
278,1738
3775,1440
3829,1440
1530,1440
2370,1440
3616,4515
2903,1440
4746,1440
2119,1440
2664,4958
2224,1440
262,1440
2024,4515
3779,4346
2154,4515
3401,1440
2947,4515
3554,1440
4064,4515
4528,4515
3126,1440
195,4515
1184,752
3012,4515
3586,1754
1690,1440
973,4515
4691,4515
2549,4515
277,1440
3590,1440
732,1440
3967,1440
3145,1440
858,1440
1254,4850
847,1440
4389,1440
196,4515
16,4515
4121,1440
779,1440
434,4768
537,4515
1436,1440
1892,1440
610,1440
1476,3557
1230,3129
19,1440
3429,1440
3333,1440
3537,1440
1519,4600
1687,4515
3784,4515
1621,4031
3955,4515
3109,4515
3211,4515
4164,4515
3571,1275
4380,4515
1518,1440
1523,4515
2035,1440
2741,1440
1605,4515
1471,4515
213,3471
94,2773
3438,1440
309,4515
1172,4731
1761,5287
4523,1440
3503,1440
538,1440
2260,4587
99,4515
2322,4515
4124,1440
4390,1440
2173,4515
124,1440
1412,4515
2298,4515
2497,4515
786,1423
4056,5026
2939,2662
3926,2174
1580,4515
3001,1440
3935,4515
1963,3393
974,4515
2183,1440
3757,2339
3686,4311
1917,2435
2808,4515
1301,2904
1264,4515
1048,4515
4022,1440
4210,1440
3639,1440
1429,2788
3019,4515
3635,4515
4561,4515
1801,1440
3186,1440
504,1440
437,1440
4066,4515
1347,1440
1933,4515
96,1440
56,4515
3453,4515
3926,1440
1581,4515
3532,1440
2195,4515
3462,1440
1135,4515
662,1440
1185,1440
1969,1440
1262,4515
3111,4515
3485,1440
3294,1440
3408,1440
175,4515
3771,1440
4538,4515
525,4515
3449,4515
4071,4515
2056,4515
1139,4675
2525,4732
2561,4515
125,2173
2323,4183
1679,4515
1033,1440
3237,4515
578,1440
2609,4515
68,2417
1417,3962
3614,4515
1481,1440
166,4515
2553,1440
1412,1440
4038,1440
4619,4515
3903,1779
245,4515
1374,3921
1380,4090
1858,4515
1758,4515
2780,4515
1042,4515
1985,2501
2358,4515
4388,4515
2175,4515
176,1440
4549,4515
4490,4515
1614,1318
2315,2904
1449,4515
4659,4515
4383,4515
2107,4515
3029,4515
3921,1286
1723,4515
2054,4515
1419,3925
3467,4515
686,4515
4588,4515
4618,1440
2907,4515
3080,1440
3470,1440
2921,1440
3959,4515
4139,4515
258,1440
3710,1440
651,4515
3319,1440
989,3596
534,1440
3123,1440
341,4515
2784,1440
3745,4515
1748,1440
4020,1440
4160,1440
4314,1440
4343,4515
4151,4515
2529,1440
111,1440
2265,1440
2023,4515
2338,1440
2465,1440
3620,4515
3210,4515
4575,4515
3822,1440
917,4515
4729,4515
2627,4515
3578,4515
1883,3147
908,4515
913,4515
2402,4515
4193,4515
1476,4383
3395,3208
3599,4515
4425,4515
737,4515
4649,4515
1690,4132
1689,4515
731,4515
1785,4515
1638,3782
4574,1380
3563,4515
844,1440
2745,4515
4041,1440
2636,1440
2327,5205
1400,3557
2314,2425
3716,1851
1987,1440
3307,5096
617,1440
3197,4515
3715,4515
2666,4515
2260,4802
450,4515
1984,1440
3181,4515
1442,4515
1471,1440
1362,1440
4525,1440
2067,4340
1354,4515
1658,1440
3757,2339
100,141
695,1440
691,1440
3694,5442
1868,4515
322,1440
2088,4515
3154,4515
170,4523
1466,1440
2677,4515
281,2181
1966,1440
3340,2074
748,3779
1899,4515
4391,4515
1010,4515
766,4477
1584,4386
3744,630
2247,1440
1561,4515
187,4515
696,1440
1191,1440
1216,3622
4724,1440
4128,4515
4599,4515
2888,4515
4345,1440
1170,2550
1333,1440
3908,1440
985,4515
3240,1440
1148,4488
811,1440
635,4515
2866,4515
4681,1440
2604,1440
176,2416
2121,4515
3439,1440
3660,4515
4506,1440
1277,4362
2039,1440
2500,1962
399,1440
2650,4515
1593,130
984,4515
4095,1440
1299,4171
2504,4515
4583,4527
146,1440
619,1440
1792,1440
35,1440
3309,1440
3235,4515
2257,1722
1653,647
3102,4515
1812,4515
2913,1440
2226,4515
3184,1440
1433,4850
1328,1440
4395,1440
2714,1440
1228,5107
676,4515
2230,2844
8,4515
1884,4515
4022,551
1766,5007
3146,4515
2546,1440
1559,1440
272,4515
1108,1440
4370,4515
4465,1440
4625,1440
634,1440
1056,2831
294,1440
2696,4515
1254,4515
737,1440
1280,1440
73,2912
282,1440
2401,4515
1103,4515
1252,4515
621,4515
1765,1440
1151,1440
922,4515
608,2376
2644,4515
164,4515
378,4515
2429,4515
1820,4563
3299,4515
3853,4242
4642,4515
1992,4417
397,1440
229,4515
4673,4515
1898,1007
4120,3202
4591,1440
43,1440
3289,4515
4112,1440
579,1440
4083,4515
1476,4031
1418,4515
2356,1440
3217,4515
1861,945
2090,1440
2832,1363
3941,4313
2043,4515
3568,4515
1875,4515
3212,4515
3181,1440
1185,4515
3492,1440
1457,586
4481,1440
85,4515
1402,4515
332,1440
4007,4515
1250,4903
132,1440
4358,4515
2882,1440
2995,4515
1037,4515
1344,4515
4689,4515
3829,4515
4661,1440
1898,229
1409,1440
914,4515
396,1440
1214,4362
3247,4515
529,1440
563,1440
1436,4515
4101,1440
1796,124
3669,1440
1565,4515
2120,4515
3828,4515
1188,1440
2610,2094
2044,4515
749,4515
2922,1440
4292,4515
261,2669
4681,4515
1771,1440
1910,4515
2795,4515
1888,1359
1903,4515
896,3057
3508,1440
514,4515
1987,775
2902,1440
1419,4424
880,1440
3245,4515
2294,873
4026,137
4483,4515
3859,4515
465,1440
1350,1440
1354,3656
2084,4515
4508,1440
4490,2908
2774,1440
4045,1440
1973,417
709,4515
126,4515
2866,3883
2304,4116
1027,1440
2987,4515
1519,4515
2043,1440
2180,4515
23,4515
402,3431
4118,1440
3319,4515
2652,1440
4705,1440
3198,5404
1145,1440
4129,4515
1748,3327
1992,4515
2840,2859
3509,1134
1778,444
4344,1440
871,1440
1571,4515
32,1440
3536,4515
4136,3130
1156,1440
1170,4515
2081,1440
3545,4515
2260,3516
2078,4515
404,4515
721,1440
2425,4515
2407,4515
1952,4790
1401,4515
2830,1440
4455,1440
3853,4515
1985,4515
259,4515
2997,4515
587,1440
4724,4515
3945,1440
1132,1440
1832,1359
3841,1440
1978,3731
2420,786
4159,1440
3116,4515
3903,1440
2713,1440
66,4515
2190,1440
458,1440
0,4515
4733,1440
3690,1440
1999,4515
3367,4515
3923,1282
778,1440
131,1440
2323,3914
1341,1440
2391,3654
1525,1440
1689,3555
783,4515
2675,4515
3224,1440
2411,4515
3975,4515
2882,4515
1437,4515
2288,1440
280,4515
764,4515
2310,4515
4172,4515
2814,1440
1842,1440
3092,4515
2580,4515
3030,4515
2496,4515
3725,4515
1791,4515
3606,4515
872,1440
4107,4515
3018,4515
376,4515
2391,4782
4417,1440
3094,1440
2359,1440
1664,3191
481,4515
264,4515
1181,1440
1619,1095
2828,1440
2107,711
1818,4826
4153,4137
2145,820
3157,1440
1927,1440
695,4515
1114,1440
826,4515
623,4515
2574,4515
2463,4515
935,4515
85,3973
2129,4515
2592,2959
716,1440
1434,4515
4297,1440
2278,1440
2957,4515
1589,1440
3122,4515
1659,4515
448,2416
448,2418
465,4515
3129,4515
4454,4515
239,4750
2904,1440
2637,1440
1816,1440
4095,4515
2314,3409
2256,4515
1277,4111
2583,4515
1638,4830
1279,4515
2055,4515
239,1751
4089,1440
2246,4515
63,1440
4246,1440
2021,1440
2175,4790
3247,1440
1688,1366
1147,1440
3400,4515
935,3845
310,1440
3250,5416
1374,3815
3269,1440
1560,4515
1893,1440
4511,4515
1710,4515
4507,4515
2974,1440
4211,1440
2368,1440
1258,4515
4457,4515
3162,4515
2175,1379
4448,4515
429,4515
1618,4915
4536,4515
3405,4515
622,4515
529,4515
1379,1440
1593,1200
807,1614
1844,4515
556,4515
2939,1440
762,1440
516,1440
550,2375
1877,1440
1422,4515
4432,4515
3814,1440
3333,4515
1667,2386
3857,4953
1902,1440
711,4515
3633,4515
3306,1440
3397,1440
1346,4515
189,1440
2275,4515
126,1440
3305,4515
2736,1440
1516,1131
3409,1440
4592,4515
2171,4515
1673,4515
646,1440
2373,1440
2952,4515
1287,4515
2251,4515
2031,1440
2711,4515
3398,1440
2540,1440
1442,1440
783,1440
2534,4515
3577,4515
2565,4515
1433,3865
4644,4515
2099,1440
836,4515
4716,1440
2346,4515
935,4111
2180,1440
1593,72
1166,4515
4194,1440
3068,4515
3867,4515
2104,1440
729,3842
3948,4515
3551,4515
355,1440
3300,4515
2958,1440
2369,4515
242,1440
2040,4515
1968,5079
2845,4515
3648,4515
1586,1440
2890,4515
3960,2019
1532,4515
930,2711
2709,1440
2186,4515
1601,1440
3225,1440
3385,1440
2244,4515
1288,4515
2340,165
4436,4515
1892,2697
1395,1440
1481,3925
882,4515
789,4515
2936,4551
2447,4936
61,4515
19,4515
2127,4515
547,1440
4345,4515
2123,1440
3074,5290
2959,1440
2205,4515
404,2264
3159,4515
3777,4515
1983,1440
519,1440
2295,4515
3941,1440
4739,1440
4702,1440
172,2123
1822,1440
151,1440
3110,1440
1400,1440
4239,4515
3251,1440
874,4515
3558,4515
1671,3573
1951,4515
3281,4515
4647,4515
100,1789
931,3530
3187,1440
3878,1010
4662,4515
2315,4515
239,4515
673,4515
2057,4515
1788,4515
257,1440
4440,1440
252,4515
1915,4515
2396,1440
1170,2546
3518,760
453,1440
3369,4515
3920,1440
2271,1440
1511,1440
351,1440
854,1440
1744,4515
2201,2298
505,4515
4629,4515
1588,1440
1812,703
730,4608
2316,1440
3779,4515
2738,4515
4053,5409
2197,1787
2025,1440
2310,1440
1324,1440
1434,1440
1633,1440
478,1440
193,4515
2355,1440
2482,1440
2287,4515
3081,4515
974,1440
3660,1440
169,1440
3177,1440
619,4515
4247,1440
2199,4515
2093,794
1208,2770
3311,1440
1404,1440
3571,4882
2451,1440
536,1440
3498,4515
1672,1440
2865,1440
852,1440
2409,1440
3485,4515
3779,1440
999,4515
3411,4515
1095,4515
1409,4515
3715,3249
1423,4515
4191,1440
3055,1440
3722,1440
1792,5205
216,1440
2884,4515
3236,1440
1753,1440
2630,722
3783,1440
2507,1440
1832,2474
1233,4515
3710,4515
1428,4515
2729,4515
3149,1159
1654,4515
1059,1440
2156,1440
4719,4515
2362,4515
4289,1440
79,4515
3528,4515
206,4515
4293,4515
2143,1440
3170,1440
516,4515
3816,4515
499,3510
627,4515
4303,1440
3667,5300
4719,1440
2408,4515
861,1440
1080,4515
863,4515
1671,4515
1356,4515
2197,4515
3113,4515
1554,4515
113,1440
1976,4515
293,1440
3939,1440
1178,4515
2681,4515
3288,1440
896,4428
3892,4515
1149,1440
3982,4515
2131,2039
3146,1440
1433,4035
1009,4515
2978,4515
202,1232
518,4515
468,1440
3779,4982
1632,4515
2212,786
3415,3818
833,4515
4390,4515
544,4515
2356,4515
2774,4515
237,4515
1140,1440
3379,4515
4148,4515
967,4515
1340,1440
2212,2466
873,1440
120,4515
3415,4515
1725,4035
3206,4515
2304,1440
916,4515
816,4515
1593,1440
2271,4515
1427,1440
729,4515
2425,851
2341,4515
4327,4515
1971,355
2605,4515
2707,4515
167,4515
474,1440
3922,1440
797,4515
248,143
2648,1440
1028,1440
1080,4774
4037,311
3456,4515
1082,4297
3992,4515
2067,1440
3545,1440
690,1440
1565,1440
1832,2770
395,4515
3179,1440
674,4515
2572,1440
483,1440
3585,4515
247,4515
123,299
3007,4515
1708,3883
756,2955
1447,4515
4576,4515
1321,4515
2594,4515
3277,4515
1681,1440
1974,4515
2998,133
73,2911
1617,868
3389,1440
2574,1440
2383,1440
2572,4515
3751,4515
4154,4255
647,4515
3851,4515
1570,4515
527,1440
2158,4515
250,4515
1798,1440
340,4515
3420,4515
1493,4515
766,4515
1369,4515
3969,4515
3913,1440
1221,332
3997,4515
1468,3914
2296,1440
560,1440
4150,1440
3575,4515
3315,1440
366,4515
4498,4515
489,1440
2936,1440
1117,4515
2077,4515
882,1440
4310,4515
1256,4515
1105,2508
1208,4515
2942,1440
2365,1440
3043,1440
2702,4515
2323,4474
4386,1440
610,1129
4185,4515
268,1440
4749,4515
785,1440
2943,1440
3190,1440
260,4515
2063,5277
3536,1440
4303,4515
2217,4515
1833,1440
4256,1440
2142,1440
4707,4515
4463,4515
368,3926
2844,1440
608,2375
4387,1440
3322,4515
3273,4515
3098,1440
1038,3183
4011,4515
3652,4515
1519,1279
3472,1440
2545,1440
1897,63
1310,1440
2933,1440
1148,3557
3217,1440
1321,1440
3015,1440
1203,1440
3021,2257
2484,1440
3183,4515
3158,4515
2978,1440
1034,4669
2876,1440
2767,4515
196,1440
1557,1440
1230,1440
1790,4515
592,4101
2237,232
569,1440
756,4515
3923,4515
4576,1440
822,4515
2432,1440
176,2418
3980,1440
2128,4515
1425,1440
1942,1440
4751,1440
3972,1440
2729,1440
861,4515
134,4515
2226,1440
2100,4515
926,4965
3461,1440
3061,4515
1486,1440
3828,3497
2953,1440
3981,1440
2500,1092
441,4515
2363,1440
2365,4092
2863,1440
4073,4515
3938,4515
1268,1440
766,4473
4539,4515
1171,4515
4453,1440
2286,4423
777,4515
3085,3332
1377,1440
1514,743
3376,1440
3000,4515
1782,4515
1085,1440
1896,4515
1940,4515
276,4515
408,4515
3471,1440
1218,1440
514,1440
1534,1440
1947,1440
2557,4515
3540,1440
3385,4515
1245,1584
2667,1440
3990,1440
2780,1440
1897,1440
4386,4515
1826,4515
3372,1440
526,4515
1198,1440
1832,726
4068,5296
113,4515
1470,4515
2478,1440
313,1440
2293,1440
1852,1440
2284,4515
993,1440
2057,1440
4076,4515
2286,4515
1082,4515
2288,5247
3161,1048
873,4515
2324,4515
1689,1440
108,4515
1794,2213
3929,1440
3967,4515
2474,1440
637,1903
3656,1440
1459,4515
3426,1440
866,4515
4647,2019
2853,1440
3307,2216
100,2183
4475,4515
2856,1440
4086,4515
2286,4667
1709,10
3191,1203
2694,1440
1912,1440
4070,4515
2963,4515
1829,4515
2282,4515
3779,561
1330,4515
4404,1440
1856,4515
3330,4515
2871,1440
642,4515
3944,4515
2546,3761
917,1348
1937,1440
287,1440
332,4515
54,1440
1023,1440
1348,1440
1054,4515
2655,4515
1939,1571
3286,4515
1912,4515
817,4515
2611,1440
3053,4515
3450,1440
738,1440
761,4515
4099,1440
1922,1440
3729,1440
4722,4515
1101,4515
2630,4515
1476,1440
2447,4936
4069,4515
2169,1440
2934,1440
2024,1440
3673,4515
4078,1440
824,1440
1417,4850
3066,4515
485,1440
708,1440
3676,1440
879,4515
1427,5237
397,4515
2383,4515
423,4515
1831,3956
3401,4515
313,4515
328,1440
3021,1440
2052,4515
810,1440
1632,1440
1942,4493
3432,1440
1006,2837
2132,4515
3901,4515
1331,1440
1226,4031
1672,4959
2463,1440
3642,1440
4137,4515
4455,4515
1132,4515
732,212
1670,4515
1785,1440
4695,4515
1007,1440
2140,4515
3357,4515
3580,4515
3730,1440
462,4515
2188,1440
4749,1440
718,1440
460,4515
4118,4515
155,4515
3724,4515
797,1440
712,1440
2007,1440
1019,4515
2453,4515
4139,1440
1198,4515
1295,1440
4076,1440
4188,4515
2775,1440
1081,1440
4591,4515
2790,4515
4528,1440
3863,4515
3050,1440
3059,1440
4473,1440
3256,4515
4006,4515
2089,1440
3477,1440
2133,4515
393,4515
2260,4406
3023,4515
1950,1440
4556,4515
204,1440
976,4515
2064,4515
4080,1440
4070,1440
88,4515
2057,3343
4150,4515
2318,1440
2668,4378
3484,1440
68,4515
1440,4515
935,1440
4396,4515
100,2742
1368,127
1230,4515
3518,3709
56,1440
3455,4515
3707,1436
1241,1440
3248,4515
2340,4515
2064,1440
1,1400
1045,4515
2686,4515
3581,1440
1438,1440
1865,1440
2713,4515
2529,4515
311,1440
4052,5076
479,1639
307,2372
4180,4515
448,1440
623,1440
4058,4515
1205,1440
3366,1440
573,1440
3189,4515
4532,1440
2830,4515
538,4515
4020,4515
1549,1440
899,4515
2905,1440
1493,5401
2434,4515
3348,4515
2996,4515
1600,4515
4728,4515
980,4515
1124,4515
673,1440
2157,4515
3650,4515
2915,1440
1609,2012
764,1440
657,4515
4231,4515
2604,3914
2163,4515
2194,1440
2502,4515
100,1079
3961,3463
1840,4515
1022,1440
2777,4515
3355,1440
2022,4515
3207,1440
2174,4515
1614,4515
3374,1440
423,1440
2161,1440
2190,4515
3782,2555
1569,1440
1564,4515
3451,1440
3191,1440
2020,1440
0,975
2346,2294
217,1440
2117,1440
3326,1440
2559,4515
1880,4515
2172,1440
1308,4515
3194,1440
2470,4515
2114,4515
906,1440
722,4515
2232,1440
188,4515
1714,864
2990,4515
4349,1440
1823,4515
4485,1440
3471,4515
3134,1440
4128,1440
4231,1440
4277,1440
1683,4515
4609,1440
3626,299
1275,1440
4711,1440
3773,1440
1064,3685
3486,4515
3143,4515
268,4515
1690,786
1968,1440
2577,4515
487,4515
1708,3622
1561,1644
2368,4515
1501,4515
1152,4685
2333,1440
2012,1440
1542,1440
2194,3988
3942,4515
2685,1440
1084,4303
1975,4515
1567,4515
1922,5205
1863,1440
3338,4515
924,1440
2269,4515
3906,4515
3920,4627
1977,4515
3184,1160
4062,1440
1683,1440
2783,4515
3066,1440
3138,4515
1824,1440
478,4515
3974,1440
2282,1440
1327,4515
1992,1440
3677,4515
1363,4515
2196,1440
319,1440
2895,4320
410,4515
1382,4515
3451,4515
852,4515
1186,94
4367,4515
4262,1440
3589,4515
2070,3922
454,1440
2177,4515
3477,4515
2000,870
1965,4659
1983,4515
1990,4515
1905,197
818,4515
1387,1440
2081,4515
2668,1440
3487,1440
2910,4515
2903,4515
3569,1440
2493,4515
1965,4515
1725,4362
2261,1440
779,4515
4199,1440
1278,4515
1301,2462
1668,4515
1366,1440
672,4515
973,1440
2070,4469
2047,2658
2562,4515
412,4110
2227,1947
1514,4515
2400,1440
1172,1440
4704,4515
3116,1440
3122,1440
1254,4712
1519,1440
1845,4515
1072,1440
3410,1440
2373,4515
2738,1440
1835,4515
3092,1440
2814,4515
1396,4515
892,4515
414,4515
2420,4896
1661,4515
1614,1004
3838,1440
745,1440
1453,4515
1055,4515
4741,4515
1529,1440
3167,1440
1876,4515
1482,4515
4368,4515
4016,4515
335,1440
1762,1440
257,4515
1791,4458
2856,4515
297,2459
1519,4667
68,2416
3811,4515
1046,2816
3431,1440
931,4850
1529,3845
2885,1440
3382,1440
3482,4515
185,4515
3098,4515
4448,1440
4637,4515
438,1440
1412,3817
1024,1440
1204,4515
1971,4644
4616,1440
3324,4515
2511,4515
1678,1440
464,4515
648,4515
253,1440
3801,4515
2225,1059
462,1440
1593,2876
3740,4515
1099,3883
4497,1440
2314,2425
1664,4850
1593,2338
2849,1440
2581,4515
1219,1440
1169,4515
3863,1440
2709,4515
3554,4515
2935,4515
2973,4515
3499,4515
1172,4515
2699,4515
609,4515
683,1440
3164,1440
967,1440
4640,4515
1530,4515
4258,1440
381,4515
4589,1440
2301,1440
2447,1440
2985,1440
2272,4515
1042,1440
532,4515
687,4515
2210,4515
776,4212
1141,4515
1904,1440
4431,4515
2749,1440
1374,4092
4099,4515
1033,4515
3422,4515
975,4515
245,1440
3048,4515
1400,4587
2843,1440
2294,4515
3126,4515
1886,4070
4134,1440
1477,1440
1889,4515
1725,3845
2752,1440
3479,3032
1935,2860
372,4515
3627,1440
2192,1440
2458,4515
1330,1440
3391,1440
1833,4083
607,4515
1118,4515
3203,1440
736,1020
3779,5116
1430,4515
4196,1440
3636,2040
135,905
4454,1440
1545,1440
3491,4515
4644,1440
1200,3627
3399,4515
1638,3782
2866,4294
1732,1440
2268,4515
4426,1440
3076,1440
2100,1440
1353,3558
4395,4515
167,1440
2516,1440
1820,4515
1832,4515
4701,4515
1343,4515
4119,1440
4018,2968
2613,4515
4685,4515
1483,1729
3260,5098
2316,4515
4516,1440
1183,1440
2387,1440
1793,4165
4631,4515
3899,4515
3243,1440
1358,4515
3779,4819
1233,4211
4267,4515
114,4515
1862,4515
2873,4515
4726,4515
4167,1440
2031,1366
3696,4515
2565,1440
2815,4515
1539,1440
1646,4515
578,4515
3909,4515
98,1440
1532,1440
261,1440
4486,4515
4502,4515
931,1440
2575,4515
1108,1000
3260,4515
1928,4515
3983,5133
3331,4515
1394,72
2033,1440
3559,4515
2315,1440
3932,4515
67,4515
2391,4400
1616,4515
2569,1407
912,1440
3257,4515
3838,4515
1266,4515
741,4515
3365,4515
3093,4515
3338,1440
3505,1440
3682,2638
2185,1440
305,4515
1963,1440
364,1440
2105,4515
4664,1440
1659,1440
3114,1440
2752,4515
4282,1440
1929,4515
3015,4515
1982,4515
160,1440
3878,4515
1999,4043
3036,1440
1922,4515
4642,1440
4115,1440
1170,2552
4060,1440
875,1440
3182,1440
1604,4515
1712,4515
4648,4515
1505,4515
2521,4515
710,1440
4665,4515
1070,4515
1978,2702
1014,1440
4161,1440
302,1440
525,1440
2793,4515
1777,4515
1148,4031
1661,1440
2877,4515
500,1440
696,4515
334,4515
171,1440
1735,4515
3070,4515
3721,4515
3698,4515
3985,4515
3058,4515
1056,3477
1883,1440
1681,4515
1354,4587
601,4515
4551,1440
3576,4515
4627,4515
3827,4515
1149,4515
3670,1440
2199,4307
981,585
1389,4515
1690,4515
1327,1440
4698,1440
1895,1440
2036,1440
3925,1440
1898,1027
636,4515
1831,4623
1231,4515
1081,4515
1208,2013
2052,1440
1383,1440
3495,4515
1389,1440
1354,4383
3400,1440
3627,4515
119,4515
3993,4515
3103,1440
4435,4515
4561,1440
2303,4515
2471,4515
3157,4515
3171,1440
742,1440
3422,1440
766,1440
176,2418
2754,4515
1958,1440
2698,4515
1691,1440
1328,4394
2700,4515
4024,4515
3995,1440
4285,1440
2638,4515
1923,1440
3861,4515
3837,1440
2429,1440
2975,4515
4675,4515
4400,4515
3410,4515
646,4515
3155,1440
241,1440
1006,1440
2899,18
3350,1440
2728,4515
1585,1440
4598,656
3156,4515
4508,4515
349,1440
2238,4515
2144,1440
4269,4515
912,982
1421,4711
680,4515
3651,1440
1307,4515
4718,4515
3336,4515
1927,4515
546,4515
4490,1440
3871,4515
3059,4515
4384,4515
1769,4515
621,1440
3136,1440
1678,4515
3128,4515
1159,1440
100,1340
1938,1157
3104,4515
1885,1440
2125,1440
3360,1440
622,1440
1082,4474
4048,1440
3114,4515
3140,4515
2430,4515
1978,1440
2981,4515
100,2837
2266,4515
1573,4031
2304,3312
1087,4515
1612,3874
3071,1440
1680,1440
3530,4515
3624,1440
3978,4515
1993,1440
1205,4515
1573,3557
891,4515
4000,1440
4697,1440
1585,4059
3356,1440
2244,3430
1844,1440
171,4515
2113,4515
3807,4515
1621,4515
3310,4515
1269,1440
3212,1440
3820,4515
3775,4515
3048,1440
3046,4515
1211,4515
3947,1440
4493,1440
1911,1440
2638,1440
1809,1440
3167,4515
2304,3444
4131,4515
1279,1440
4520,1440
3164,4515
2317,4515
9,4515
1595,4515
1921,1440
818,1440
1869,1440
1756,4515
4586,4515
1784,1440
3537,4515
1340,4515
526,1440
1676,4515
343,1440
1744,1440
1846,1440
492,4515
1828,1440
2162,5452
3919,4515
2365,4515
4292,1440
4309,4515
1894,215
2496,722
3638,4515
556,1440
1337,4589
3722,4515
1619,4515
4068,4515
3817,4515
3806,1440
3836,1440
3296,4515
211,1440
2314,1440
287,4515
3089,1440
1886,4515
1723,1440
305,1440
2031,1366
4223,4515
1236,3589
1926,4515
1432,4515
784,1440
3467,1440
431,3929
641,1440
2254,4515
1594,4515
2031,4515
1790,1440
4427,1440
3762,4515
3868,1440
4071,1440
523,4515
4277,4515
2766,1440
3142,1440
3555,1440
3520,4515
2001,1440
655,4515
2561,1440
4207,4515
4389,4515
2012,4515
2634,1440
1801,4515
3546,1440
1688,1440
1210,4515
1082,3597
2756,4515
3149,4515
4730,1440
4341,4515
1650,4515
2500,1440
4652,1440
4090,1440
3815,487
4205,4515
2182,4515
1305,4515
3219,1440
2212,1326
746,4515
2360,1440
803,4515
180,4515
2055,1440
1929,1440
1764,4515
611,4515
258,4515
1621,4406
905,4515
2029,1440
2699,1440
3744,4515
4138,4515
4589,4515
598,1440
2094,1440
1210,1440
3341,1440
1394,647
3592,2094
1647,1440
1387,6
1300,4515
1548,1440
2221,1440
4709,1440
4257,4515
730,4515
1878,4515
4108,4691
1638,4917
1569,4515
3850,4515
2963,1440
1301,4515
409,4515
1954,1440
4722,1440
653,1440
509,4515
1741,2238
3446,4515
2432,4515
1366,4386
566,4515
2818,4515
789,1440
2967,4515
4630,4515
1024,6
2131,1440
4183,1440
2145,4515
1375,4764
903,4515
959,4515
4244,4515
2089,593
1796,4515
2221,4515
2207,4903
2448,1440
2001,4515
2130,4118
1147,3628
1018,4515
2425,1440
950,4515
1345,4515
1660,4515
2244,1440
2149,1440
67,1440
3699,1136
1054,1469
4260,1440
3434,4515
3072,1440
1394,5072
2323,3923
3969,4967
3376,4515
2463,4077
2307,262
406,1440
4577,4515
827,1440
612,1440
2666,4594
131,4515
1243,4515
3785,4515
1663,1440
820,4515
2446,4515
1277,4850
2177,1440
2324,1440
2551,4515
1898,4515
4457,1440
838,4515
3293,1440
3346,4515
2890,1440
1245,3803
3993,1440
3177,4515
3225,4515
1181,4515
4327,1440
2888,1440
3679,1440
971,4515
4224,4515
3689,1440
4120,4515
40,4515
1272,1440
418,4515
341,5369
653,4515
1082,4644
4377,4515
3969,1440
2625,1440
1832,2013
4315,1440
344,1440
4188,1440
1360,1440
1911,4515
1345,3587
1842,4515
3355,4515
699,1440
2892,4515
866,703
1708,4515
2291,1440
758,1440
1199,4515
2649,4515
1103,1440
3074,1440
816,1440
140,4515
433,1440
628,4515
935,4646
1233,1440
4107,1440
1611,1440
4168,1440
3102,1440
1226,1440
2075,1440
2643,1440
1421,3541
2805,4515
347,4515
1529,4362
4580,1440
3336,1440
1813,605
1803,4515
1205,4525
1621,4383
65,4515
2120,1440
3722,4453
1614,1440
1653,2338
12,4515
743,1440
3728,1440
144,1440
3771,4515
1938,1440
3384,4515
2527,1440
2506,1440
3875,4515
2309,1440
205,4515
2540,4515
4678,4515
1019,1440
1558,4515
1195,1440
2409,4515
3694,4515
415,1440
3932,1440
3357,1440
2260,4674
3852,1440
3797,4515
3483,4515
4478,4515
3550,4515
1859,1440
4033,4971
4362,4515
1678,1059
1351,2990
709,1440
2878,1440
3714,1440
3012,1440
1022,4515
1065,1440
2648,4515
2631,1440
2937,4515
4301,1440
1111,4515
1386,4515
2183,2115
4361,1440
1500,4515
1024,4515
693,4515
100,2905
2503,1440
3393,4515
1400,4406
1038,1440
1138,4515
2452,4515
2477,1440
1365,4515
4651,4515
649,4515
1045,1440
4310,1440
1128,4515
609,1440
2743,1440
3791,4515
3718,3999
3416,1440
432,4515
4259,4515
1418,1440
239,1440
2479,4515
4219,1440
226,1440
3989,4515
768,3660
2838,4515
418,1440
2566,4515
2959,4515
2880,4515
4294,4515
4280,1440
2395,4515
2664,4515
4133,1440
1891,1440
1921,4515
1557,4515
4538,1440
3454,4515
3295,4515
2571,1440
885,4515
3351,1440
1837,4383
988,4515
1953,4515
4571,1440
1135,1440
1830,1440
4333,4515
205,189
3055,4515
2046,4912
4669,1440
2296,4515
2954,1440
1071,1440
636,1440
2281,5081
2646,3250
681,1440
4514,4515
2265,1591
4124,4515
1808,1440
4042,4515
461,1440
2824,1440
2516,4515
863,1440
1217,1440
2173,4262
4063,1741
3466,1440
2207,4903
1237,4515
2860,1651
100,1660
2293,4515
2323,1440
2859,1440
3258,1440
2277,1440
614,1440
217,4515
2992,1440
3809,1440
3605,178
413,4515
3135,1440
1419,4515
1593,2012
3647,1440
2447,4515
3956,1307
1148,4515
2809,1440
1573,4587
2546,4600
2083,836
1888,2013
1828,4515
1634,1440
3149,523
316,4515
1668,1440
3984,4515
721,4515
1930,4515
1456,1440
1670,1440
3248,1440
3990,4515
1470,1440
1592,4515
2885,4515
912,4515
3847,1440
733,1440
945,4515
487,1440
2045,352
1709,3959
164,1440
1076,1440
3163,4515
3828,2066
1337,4515
1813,3343
2515,4515
1593,647
2215,4515
2323,4490
1252,1440
2260,3541
3793,4515
771,1440
3203,4515
1552,4515
3734,1440
75,1440
3831,4515
2645,1440
2847,4515
4649,1440
3343,1440
4607,1440
3239,4515
2013,4515
4632,4515
2062,4515
1692,4515
2147,4515
2231,4175
2084,1440
321,4515
284,4515
1485,4515
641,4515
1820,1440
1347,4515
1573,4406
3859,1440
1028,4957
1834,1440
3664,2764
1888,1606
1222,4515
4548,1440
2996,1440
2934,4515
2222,2143
3328,4515
781,4515
1396,1440
134,1440
3834,4515
2748,1440
2329,4515
3511,4515
2435,4515
1313,4515
550,1440
1403,4515
1961,1440
2020,5038
294,4515
1096,1440
1515,4515
1165,1440
3042,4515
1023,253
2276,4049
2337,1016
3002,1440
440,4515
1793,4515
1637,4077
3837,4515
2854,1440
738,4515
2033,4515
1464,4515
3415,1440
1036,3501
675,1440
1454,1440
1541,4515
176,4515
1211,1440
1668,4221
3057,1440
1581,1440
793,4515
2715,1440
2107,2990
2965,1440
3133,1440
1200,5273
3486,1440
593,4841
3023,1440
4513,4515
4174,4515
167,591
3452,4515
29,1440
2329,1440
1739,4515
3151,4515
2224,4515
3874,1440
2118,1440
2272,1440
4617,1440
279,1440
1245,3771
380,1440
928,4515
1220,4515
3713,1440
227,4515
2778,1440
1617,441
1375,2840
2849,4515
4617,4515
4564,1440
2318,4515
962,4515
1355,1440
208,4515
1421,4515
4156,4515
3365,1440
1952,1440
1294,4515
1811,3770
948,4515
4436,1440
3101,4515
2625,4515
4133,4515
2049,1440
4127,4515
139,4515
2225,1318
4293,1440
394,1440
2183,4515
2952,1440
2130,1440
2113,1440
650,1440
634,4620
2261,1787
1141,1440
2876,4515
1791,3803
2644,1108
2874,2528
3087,3149
3384,1440
1055,1440
896,820
1566,4515
1919,807
3769,4515
4427,4515
1092,1440
1481,3977
205,3371
1138,1440
1462,4515
1888,726
1848,1440
4317,4515
3108,3260
3482,1440
4357,1440
1715,4515
2692,4515
53,4515
1226,4711
4039,4515
2324,1869
931,4092
3839,4515
3028,1440
4127,1440
1062,4515
2958,4515
1692,4850
1253,4851
1267,1440
1161,4515
3132,1440
1666,1440
3561,4515
3244,4515
2564,1440
3960,1440
1239,4515
3130,1440
4005,1440
1710,4758
100,2727
1751,4515
52,4515
2260,1440
2768,4515
2915,4515
4492,4515
1226,3541
1561,4085
78,4515
3246,1440
1805,1440
3699,1440
1389,4712
3517,4515
2199,1440
4163,4515
610,4515
2241,4515
3414,1440
3844,1673
2235,4515
3276,1440
2839,1440
3801,1440
2452,1440
41,4515
3440,4515
2543,4515
309,1440
4248,1440
897,1440
1217,4515
1573,4674
1157,4515
1649,4515
2205,1440
2421,4515
1154,1059
552,4515
425,4791
2078,1440
275,4515
1873,1440
1816,4515
1465,4515
4746,4515
680,1440
3727,1440
615,1440
964,1440
2564,4515
1154,1318
4697,4515
1082,4183
989,4515
2037,1440
1736,328
1353,1440
3099,4515
4298,4515
2304,4515
4300,1440
584,4515
1634,4515
1155,1440
4562,1440
1745,1440
35,4515
4604,1440
1864,4515
229,1440
2123,4515
4068,1440
530,4515
3566,4515
3361,4515
1314,4515
1529,1295
1609,2448
2615,1440
3940,4515
458,4515
2548,4515
1084,4092
2140,1440
1663,4515
2139,1440
3806,4515
2772,4515
4316,4515
115,2048
1387,4515
3478,5438
1388,4515
2281,4515
1731,1440
2330,4515
2793,1440
2469,4515
631,3160
1888,4515
4400,1440
1902,4515
3029,1440
613,4515
4346,1440
3556,1440
744,1440
3895,4515
2323,4644
1014,1805
1044,1440
63,4515
4720,1440
148,1440
1241,4535
4271,4515
3786,4515
1616,3796
1630,4733
4344,4515
4396,1440
3252,1440
3926,4515
2720,1440
1746,2864
1558,1440
4668,1440
396,4553
4080,4515
485,4515
1315,4515
2420,4515
1526,4515
2710,4515
2494,2321
4275,4515
1638,1440
1553,652
4404,4515
1310,4515
4360,4515
2645,4515
73,1440
1145,4515
2307,4515
749,1440
3886,1440
1801,2820
2248,1440
3830,4515
1467,3084
1619,1440
1077,1440
291,4515
278,4515
2164,1440
1503,4515
2342,4515
2853,4515
4683,4515
4153,4515
2121,1440
2128,1440
4203,4515
910,5425
4541,4515
2851,4515
275,1440
2212,4515
725,4515
829,1440
2789,683
3349,2456
1246,4812
2858,4515
2230,4515
4474,4515
1505,1440
4547,4515
1305,1440
1835,4736
1636,4515
1534,4515
3727,4515
2641,4515
1709,4801
4367,1440
3571,4515
581,1440
2632,3235
3062,1440
1834,4515
3265,4515
311,4515
1928,1440
3950,1440
2471,1440
402,3492
2134,1440
2050,4515
1034,4515
1425,4515
2182,1440
2118,4515
2819,4515
4472,4515
2190,4448
407,4515
2257,4515
2476,4515
2182,4469
3083,4515
2164,3765
2431,1440
2505,1440
296,4515
3095,4515
1664,4515
3405,1440
2681,1440
2396,4515
1214,3865
1535,1440
2750,3034
3348,3659
2034,4515
1151,4515
1519,3761
4477,1440
2827,4515
1633,4515
1397,1440
4382,4515
803,1440
1186,4515
1,1935
1420,4515
2179,4515
4232,1440
3208,1440
2956,4515
587,425
3113,1440
935,3865
2467,4515
4440,4515
3237,1440
3229,1440
3371,4515
618,1440
3193,4515
1497,1440
98,4515
3328,1440
524,1440
375,4515
2239,4515
1541,68
3085,4515
1621,1440
1211,1085
2280,3089
3061,1440
427,1440
3390,1440
2099,4515
1246,4515
456,1440
3984,1440
756,1440
1613,4515
2585,922
489,4515
2249,1440
3792,1440
4062,4515
2333,4515
495,4515
3166,4515
4258,4515
2260,4383
570,1440
2349,1440
2747,1440
2225,1440
1903,1440
4114,4515
1245,4515
2742,4515
4387,4515
3469,4515
448,2416
520,4515
4625,4515
1161,4881
185,1440
1170,2543
2983,4515
3457,4515
1729,4127
1363,1440
3501,1440
111,4515
3848,1440
363,1440
2585,2212
2808,1440
3938,3875
4633,1440
2797,4944
4453,4515
3963,1440
2449,4515
1799,4911
2632,4515
3080,1717
1679,1440
1862,1440
2002,4515
3270,2695
3417,4515
2062,1440
273,4515
2323,4515
3339,1440
4527,1440
3779,1077
1131,4515
813,4515
2201,4515
4726,1440
2618,4515
4093,4515
3645,4515
926,1440
114,1440
4218,4515
3007,1440
1433,4362
2623,4515
4150,4114
372,1440
3165,4515
2507,4215
1433,4712
145,4515
1277,4092
1002,4515
3560,1440
3192,4515
757,4515
3276,4515
933,4515
1293,4515
472,4515
3997,1440
206,1440
234,4515
4526,1440
1586,4515
3208,4515
278,1440
143,1440
3771,1133
4199,4515
214,4515
1015,4515
2026,1440
1793,1440
2750,4515
2499,1440
1082,3923
2941,4515
3466,4515
3603,698
3531,4515
953,98
1537,1440
1151,58
2798,1440
2533,1440
3553,1440
1740,1440
2764,1440
2165,1440
3780,2336
2029,4515
240,4515
2000,870
1774,4515
2784,4515
1002,1440
3846,4515
1529,3865
1627,1440
3439,4515
2049,4515
141,4515
2324,3350
177,4515
4307,1440
1433,1440
601,1440
3057,4515
3905,1440
1354,4406
1278,1440
1394,2147
4064,2602
2537,4515
1075,4515
2252,2006
1264,2812
953,1440
1057,4515
2522,4515
885,1440
3758,4515
761,1440
4119,4515
2196,4515
2017,4515
773,1440
3148,4515
1926,2643
2421,1440
649,1440
3557,1440
2304,502
3811,1440
1158,1440
4378,4515
3215,4515
1691,4515
1014,1805
2123,483
3526,1440
4241,4515
2472,4515
3135,4515
1170,1440
1176,1440
3343,4515
2284,1440
2490,1440
4112,4515
1888,490
1163,1440
1502,4205
3375,1440
2837,1440
1232,1440
2161,1379
1309,1440
1678,1318
2281,1440
1529,3861
4153,1981
3977,4515
1770,1440
2483,1440
2164,4515
1687,1440
2257,1440
133,4515
1272,4515
1474,4515
3397,4515
277,484
1888,2770
1827,1440
2041,1440
175,1440
1152,1440
1775,4515
2275,1440
4716,4515
2870,1440
3105,1440
2300,4515
3807,1440
4256,4515
1603,1440
4203,1440
2668,4515
3358,4515
2090,4515
4028,4515
3868,4515
1831,3081
855,1440
2149,4515
4368,1440
3352,4515
3377,4515
1222,1440
1888,1440
853,4515
4468,4515
365,1440
323,4515
3676,4515
3685,4515
1802,1440
289,4515
3607,4515
3780,4515
1249,647
1374,4077
3158,1440
1485,1440
1579,1328
2922,4515
2497,1440
2596,1440
1689,4344
4674,1440
1829,1440
1233,4163
3779,2407
846,4202
1795,3289
1195,2338
3108,1440
935,4362
2277,4515
2937,1440
1930,1440
356,1440
2145,1440
2653,4515
2181,1440
2248,4515
1265,4515
1813,1440
2323,3758
3432,4515
4120,1440
448,2417
4458,1440
2451,4515
3535,1440
100,1221
2773,4515
3178,1440
3033,4515
1314,1440
1810,4515
3359,3407
1173,2593
1259,1440
2799,4515
2602,1440
1435,1440
1871,4515
2110,1440
263,1440
1887,4515
4054,4515
4421,1440
3534,1440
3643,4515
713,1440
1573,4711
3504,4515
3954,4515
1108,4515
3288,4515
1910,1440
2696,1440
1076,4515
1150,4515
1863,4515
608,1440
1289,4515
3792,4515
3406,4515
4156,1440
1985,1708
1375,1440
4360,1440
1461,1440
746,1440
4322,4515
2263,1440
2211,4515
349,4515
163,4515
2964,1440
31,858
3927,4515
1331,1085
1481,4424
2185,4515
3222,1440
3069,4515
3117,4515
128,4515
845,4515
2698,1440
1611,4515
3992,3975
62,4515
92,4515
378,1440
3533,1440
2116,4515
3804,2681
1886,1440
4141,1440
713,4515
2071,4515
2568,4515
3229,4515
1097,4515
3920,4628
3491,1440
477,4515
3702,4515
4079,1440
1034,5353
3133,4515
3939,4515
440,5429
1920,4515
3555,4515
101,4515
441,1440
2212,1241
4148,1440
2132,1440
4491,1440
1400,3656
3523,4515
2168,1440
1148,4383
2042,1440
1696,1440
4207,1440
2679,1440
13,2516
2339,1440
4531,4515
1054,939
2101,4515
1476,3541
4007,1440
2902,4515
2039,4515
1920,1440
1623,1440
2581,1440
414,1440
306,1440
1636,1440
1577,1440
4125,3425
1481,4685
1500,1440
594,4515
1640,4515
3731,1440
3117,5302
1946,1440
1394,2012
2583,1440
2040,2038
3639,4515
2864,4515
4110,1440
1506,1495
608,2375
3826,4515
1099,4515
630,4515
2994,1440
3391,4515
2595,4515
4661,4515
377,4515
3666,4515
1522,63
3324,1440
2500,1359
4361,4515
4748,1440
4672,1440
1321,232
478,3851
1136,5023
760,1440
1610,1440
3695,1440
2048,4515
2043,2255
1405,4515
2184,1440
321,1440
2252,4515
235,1440
2292,4515
3368,4515
1423,1440
3562,3634
4025,4515
1064,4515
452,1440
2282,4299
1458,4515
1325,1440
739,4515
1838,1440
410,1440
32,4515
3189,1440
2994,4515
2844,4515
2837,4515
1602,1440
1780,4515
3518,3522
3793,662
4547,1440
350,4515
1012,4446
2267,4515
608,4515
3407,4515
1166,1440
1350,4515
2799,1440
1899,1440
2880,1440
2673,4493
3849,4515
2747,4515
1090,1440
383,1440
1746,2864
4369,4515
799,1440
1720,4996
2762,4515
4734,4515
1761,3858
977,4515
3020,4515
2319,4515
3170,4515
2051,4515
2486,4515
2265,4515
1603,4515
1506,5414
3493,4515
4161,4515
2235,1440
4111,4515
2777,1440
1702,4832
4109,1440
2136,4515
690,4515
2468,1440
1365,1440
820,1440
2119,55
2960,4515
1837,3557
234,1440
4111,1440
3800,1440
814,1440
3744,1440
3527,4853
2881,4515
960,2094
1433,4515
932,4515
3920,4628
1199,3713
6,4515
2101,1440
2051,4850
3730,4515
1783,1440
1375,4560
3795,1440
1892,4515
1609,1200
743,3297
3971,1440
4669,4515
1545,4515
1344,1440
4202,1440
658,1440
110,4515
4318,4515
2008,1440
3853,1440
2063,1440
2531,4515
2857,1440
4015,1440
2015,1440
1650,4183
4093,1440
4328,1440
1722,0
740,4515
127,4515
4189,4515
1156,4515
1139,1440
2940,1440
1311,3557
2308,1440
2821,1440
3465,1440
1071,4515
1104,1440
4417,4515
280,1440
4523,4515
3430,4515
406,4607
975,4888
2207,4862
4173,4515
1116,4515
1897,4383
4198,4515
2982,4515
2290,0
2088,1440
474,4515
472,1440
1888,3312
1609,2338
3063,1440
2536,4515
1969,4515
898,1440
1354,4711
1544,1440
3971,4515
2929,1440
3004,4515
741,1440
3045,1440
1566,1440
497,4515
2875,1440
163,1440
1279,2702
4558,1440
2593,3622
3879,4515
3571,4557
283,1440
1606,4515
3888,4515
314,4515
180,1440
1233,4188
4041,4515
2205,3788
1593,5072
1672,4112
1440,1440
3224,4515
3661,4515
3446,1440
2003,4515
1580,1440
2907,1440
2349,4515
3624,4515
3556,3353
2313,4515
1099,3622
100,3055
3241,1440
3383,1440
3549,1440
3360,4515
2866,3622
691,4515
2119,4515
921,4515
269,1440
671,1440
625,4515
1234,4515
2974,5239
1697,4515
1631,1440
1461,4515
1837,3656
2143,4515
4751,4515
951,4515
197,4515
1710,1440
915,4515
4442,4515
1082,4490
4729,1440
1354,4674
30,636
3188,4515
4145,4515
3575,1440
2522,1440
862,1440
3562,4515
1086,4515
289,1440
2027,4515
2481,1440
3051,1440
488,1440
2965,4515
4016,1440
2535,4515
2156,4515
2526,1440
2086,4515
1699,3761
2973,1440
1324,4515
3125,1440
4365,1440
2154,1440
3042,1440
33,4515
3490,1440
3070,1440
2231,4515
1541,1440
708,4515
2512,1440
3412,4515
838,1440
1609,1870
3409,4515
1398,4515
3853,2671
2686,1440
2676,4515
3853,2671
2165,4515
3903,4515
382,3840
1609,2448
4202,4515
743,4515
3005,1440
242,4515
1287,1440
1917,1440
2665,1440
2567,1440
1696,4515
1738,1440
657,1440
594,1440
2299,1440
3922,4515
4658,1440
1861,1440
1731,4515
2778,4515
1302,4515
4037,1440
2726,1440
2439,1440
2210,1440
453,4515
1004,1440
4517,4515
2258,4515
2554,4515
1627,4515
3720,1440
2810,4357
1280,4515
116,1440
3254,4515
3386,4515
1559,4515
4,1440
4190,1440
2970,1440
2500,3312
2876,714
993,4515
2225,1490
3893,4515
2667,4515
388,4515
4102,1440
1489,1440
44,4515
2131,4515
4102,4515
2351,1440
237,1440
3502,1440
2525,4515
871,4515
1244,1440
1792,5205
947,4515
4352,4515
3601,142
664,1440
3976,4515
1964,1440
4410,4515
3169,1440
3625,1440
2482,4515
1434,726
2815,1440
1609,647
771,4515
845,1440
3695,4515
3963,4193
1417,762
1148,4406
3390,4515
1759,4433
361,4515
2478,4515
249,4515
1297,4515
4615,1440
561,1440
3305,1440
2088,1049
1653,1440
1374,1440
412,4515
2644,1440
995,1318
2627,1440
1640,1440
3957,1440
3832,3285
1333,5429
1573,4515
1952,4515
1048,1440
645,4515
799,4515
1213,4515
3568,1440
4491,4515
4022,4515
4045,4515
2933,4515
1170,2554
4294,1440
2351,4515
1303,1440
2463,1909
2120,129
2340,3959
2682,4515
1792,4515
29,4515
1693,4515
1178,1440
1602,4515
307,4515
4349,4515
3278,4515
1232,4515
4539,1440
3767,4515
2172,4515
1493,1716
4677,1440
471,4871
4232,4515
2113,3661
534,4515
3001,4515
3705,4515
1239,1440
2938,4515
1406,3408
3097,1440
372,4794
527,4515
3751,1440
1493,1291
3171,4515
1608,219
3825,3508
1680,4515
1407,1440
2526,4515
975,1440
3118,4515
1508,4515
2014,4515
23,1357
962,1440
2449,1440
1419,4141
1600,3982
1270,1440
3381,1440
3043,4515
4430,4515
847,4515
1070,1440
1254,4092
1869,4515
3168,4515
2803,1440
3960,4515
935,4035
376,5114
2098,4515
2474,4515
1978,4515
1259,4515
2620,1440
4540,4515
3592,4515
593,4841
1400,3541
2500,1606
4521,4515
3800,4515
3805,4515
3231,1440
1919,4515
2251,1440
142,1440
3574,1440
1801,2820
1489,4515
2457,4515
4537,4515
2490,4515
564,4515
3878,2911
1154,3028
3484,4515
3154,1440
1429,4515
1289,1440
2546,4515
1974,1440
1792,567
2255,1440
2263,4515
477,1440
808,578
1311,4383
2589,1440
1981,4515
1818,1440
20,1440
1969,680
1308,1440
915,1440
100,1879
2772,2990
1403,1440
4265,4515
4249,4174
3139,4515
4157,4515
1435,4515
1474,1321
1208,3312
1474,1440
1502,4515
1762,5374
3878,1440
4519,1440
43,4515
2496,1440
4701,1440
1792,1318
2237,1440
1774,1440
1402,1440
1496,4903
65,1440
3445,1440
1672,41
956,1440
4001,4515
427,4515
1528,4515
2,3266
3180,4515
4339,4515
580,4179
2192,4515
3885,1440
1366,4515
700,4515
3322,1440
3008,4515
1618,1440
1495,1440
2400,4515
723,1440
38,4515
4221,1440
1529,4862
821,4515
1859,4005
2441,1440
899,1660
1548,4515
2578,4515
3677,1440
4426,4515
518,1440
1951,1440
3894,1440
3337,4515
1971,4128
51,1893
3494,1440
2527,4515
2967,1440
4718,1440
3923,1440
4289,4515
758,1235
868,4458
3712,4515
4131,1080
3223,1440
3115,1440
3566,1702
2260,4711
3523,4323
1837,3541
3797,1440
2161,4515
3190,4515
4314,4515
1194,4515
1258,1440
3855,4515
3521,4515
4676,4515
2510,4515
2997,1440
684,4515
3193,1440
1214,4646
1342,4515
1139,4515
1044,4515
2507,4515
4341,1440
392,1440
1477,4515
1823,1440
1203,4515
1584,4515
1214,1440
4141,4515
1241,4515
1400,4711
792,4515
2687,4515
343,4515
71,4515
3834,1440
1529,4646
4519,4515
2624,1440
2046,4515
3518,1440
1082,3914
729,1440
2678,4515
3197,1440
4446,1440
3750,4515
3733,4515
1827,4515
1656,4515
3095,1440
3110,4515
61,1440
2620,2443
3906,1440
3411,1440
592,4515
2232,4515
4158,1440
4315,4515
2795,1440
900,1440
3609,1440
263,4515
2715,4515
1793,4166
2460,4515
3756,1440
1432,5022
177,1440
1658,4515
645,1440
362,1440
2171,1440
1020,4515
1386,1440
340,1440
983,4515
1028,4958
2624,4515
87,1311
844,4515
51,1440
1478,1440
2556,1440
455,4515
3168,1440
4330,4515
4189,1440
811,4515
1218,5282
3819,1440
1457,1440
1215,4515
2062,136
140,1440
3241,4515
4210,4515
3539,4515
3259,1885
1791,4458
773,4515
3093,1440
4032,4515
3580,4217
3215,1440
685,4515
2337,4515
2511,1440
2323,3597
120,1440
4518,1440
3030,1440
2287,1440
223,5269
2848,1440
684,1440
1900,4515
1788,1440
4693,4515
2398,4515
3771,2279
434,4515
2685,4515
2023,3612
3578,1440
3731,4515
4674,4515
2173,4518
1593,4515
3198,4515
1830,4515
1444,4515
2193,4515
2520,4515
3850,1440
64,1414
362,4515
274,4515
1170,2553
23,1440
3767,1440
2323,4297
1088,1440
4221,4515
102,1440
3719,4515
4054,1440
2617,4515
3080,4515
1584,1440
2847,1440
1110,1440
213,3470
2086,1440
4680,1440
3056,1440
2942,4515
3656,4515
896,1440
3456,1440
2872,4515
1082,3758
354,4515
959,1440
1811,4515
4083,1440
1032,4515
68,2418
2533,4515
3129,1440
3795,4515
2410,4515
869,1440
128,1440
224,4515
2216,1440
3187,4515
230,1440
4183,4515
2314,4515
3442,1440
1237,368
88,1440
2313,2990
2643,4515
2304,2770
2325,1440
1630,4515
4702,4515
3817,1440
809,3929
4479,4515
4752,1440
1699,4515
3735,4515
1111,4957
1169,1440
3079,1440
3211,1440
1777,1440
1666,4515
1989,4224
2750,1440
498,4515
1837,4711
2898,4515
2843,4515
575,4515
3493,1440
1220,4266
2207,4515
1084,4850
1837,4031
2803,4515
3412,1440
1334,4515
2247,4515
2203,1440
2008,4771
3169,4515
3041,1440
3219,4515
4483,1440
1766,5007
2470,1440
3723,4515
3038,4515
4167,4515
1910,5253
4105,4515
5,4515
30,4515
1281,4515
3685,1440
3483,1440
1678,2946
387,4515
3923,4627
3815,1440
254,4515
3244,1440
660,1440
1253,1440
210,1440
1214,4111
1540,4515
660,4515
3773,4515
1318,1440
2688,4515
1589,4515
3078,1440
1897,4515
1529,4035
1728,4291
2503,4515
1006,4515
3905,4515
4259,1440
1433,3845
409,1440
1014,4515
3140,1440
4513,1440
3517,1440
2190,4092
2127,1440
3163,1440
1351,4515
2692,1440
3504,1440
3282,1440
1205,2904
2977,1440
3488,1440
733,4515
632,4515
3178,4515
2658,4515
213,1440
3086,1440
1529,4850
4275,1440
2689,4515
3972,4515
1993,4525
762,4515
3329,1440
368,4515
3593,1555
1341,4515
2094,4515
935,196
1529,4092
987,1440
2858,1440
926,4515
3779,4426
841,4515
2571,1558
1428,1440
3782,1440
1226,4515
1357,1440
2215,1440
3354,1440
649,4287
2116,1440
211,4515
3352,1440
4187,1440
3099,1440
1090,4515
2604,4515
3830,1440
2219,4515
936,4515
282,4515
1917,2313
3353,4515
2575,1440
563,4515
1609,72
1675,1749
225,4515
3815,4515
1735,1440
2071,3634
3287,4515
3666,1440
1398,1440
3572,1440
3674,4515
3440,1440
3050,4515
594,2911
583,2107
2634,4515
2894,1440
2182,4455
716,4515
2373,1176
4247,4515
1885,4515
402,4515
2944,4515
2993,4515
3173,1440
4010,1440
429,1440
1977,3237
3040,4515
361,1440
4537,1440
3326,4515
2559,1440
3044,1440
2819,1440
3442,4515
1738,4814
3085,1440
85,1440
100,2448
2096,4515
825,1440
1037,3803
241,4515
4412,1440
3831,1440
3139,1440
569,4515
432,1440
1650,3914
2746,4515
1508,1440
2580,1440
1621,3656
37,4871
2269,1440
827,4515
1818,4515
1573,3541
2990,1440
2157,1440
3670,4515
4012,1440
686,2367
3220,4515
2160,1440
1771,4515
4740,4515
3356,4515
3567,4515
3051,4515
2005,3720
3810,346
291,1440
199,4871
4206,4515
511,4515
533,4515
1765,4515
1176,4515
1525,4515
4097,1440
1575,1440
1481,4711
792,2369
1267,4515
2909,4515
3861,5334
3317,4515
141,1440
409,1078
1544,4515
907,4515
3040,1440
1043,4515
582,4515
150,4515
3183,1440
1808,377
356,4515
702,4515
2605,1440
4298,1440
4297,4515
456,4515
3948,1440
1394,1870
2304,726
3527,4515
905,1440
2691,4515
3378,4515
2652,4515
1701,5344
2186,1440
2017,1440
4627,1440
353,1440
2365,4490
3188,1440
4155,4515
13,3929
581,4515
3566,5327
3529,4515
734,4515
3117,5302
2051,1440
3198,1440
1561,1440
3295,5099
3768,1440
1651,4386
2833,1440
4196,4515
2861,1440
3979,1440
3127,1440
4604,4515
3661,1440
390,4515
1162,1440
2201,1440
1692,4092
4078,4515
2945,1440
440,1440
3650,1440
2096,1440
4615,4515
2194,4515
1517,1440
2878,4515
1608,1440
1769,1440
2295,4647
1464,1440
2237,2749
4037,4515
2015,4515
3822,4515
4577,1440
594,2912
730,1440
3428,1440
36,4515
1780,1440
3461,4515
2125,4515
1101,1440
2810,4515
1763,4515
1535,4515
2060,4515
1803,1440
1064,1440
1549,4515
2779,4515
2827,1440
790,1440
1405,1440
2420,3729
3582,1440
3082,4515
2297,4515
3595,2941
530,820
4285,4515
1643,4515
2028,4515
2249,4515
1253,4515
2945,4515
4080,1731
4365,4515
1208,726
766,2409
4248,4515
3846,1440
186,4515
4305,1440
791,1850
1638,4515
2042,2804
1269,4515
4647,1440
3941,4515
4012,4515
1165,4515
3930,4515
3681,4515
169,4515
4081,4515
983,1440
3916,1440
4184,4515
2950,4515
2500,2770
1018,4043
1128,3797
4458,4515
1955,4515
2190,4850
3392,1440
3403,4515
3820,1440
585,1147
3398,4515
1899,3559
2824,4515
2495,4515
4356,4515
959,4856
1415,4515
1084,4515
1082,1440
4377,1440
1304,4515
740,1440
1015,1440
1704,4515
1400,4031
537,1440
1286,1440
3873,3163
4117,1440
2134,4515
2461,1440
1841,4515
2260,4515
142,4515
2618,1440
1345,1318
4673,1440
2413,1440
3804,2681
350,1440
1994,4410
4609,4515
3452,2957
3998,4515
100,1440
2889,4515
758,4515
2252,1440
100,1459
2590,4456
1887,1440
3686,4515
348,4515
2011,4515
1313,1440
3038,1440
1917,4515
2972,1440
3682,4515
1019,1845
4485,4515
2636,4515
139,1440
28,4515
2477,4515
3495,1440
4570,1440
1306,1440
4,4515
1170,2545
3005,4515
1985,1007
4647,2019
2342,4585
1728,4515
3902,1440
1621,3976
3689,4515
2921,4515
2974,4515
2216,4515
4570,4515
1501,3547
1553,3389
2037,4515
1849,5317
3297,1440
3160,4737
1547,1440
383,3658
3748,1440
1458,1440
2751,1440
2370,4515
535,4515
2023,1440
1720,4515
4255,1440
2925,1440
2851,1440
768,1440
1082,4796
1516,1440
1355,4515
3756,4515
4384,1440
3542,1440
4000,4515
1275,4515
1383,4515
3120,4515
4391,1440
3606,1440
582,433
3804,4515
4727,4515
1154,1440
3682,1440
1517,4515
2639,4515
4047,4515
2987,1440
2525,3914
4005,4515
2715,2951
3329,4515
4695,1440
3280,4515
3986,1440
1072,4515
337,4515
2420,1328
2450,4515
1114,4515
4432,1440
586,4515
2391,4515
148,4515
862,4515
416,1440
4257,1440
4424,4515
3755,4515
4683,1440
3847,4515
1188,4515
4727,1440
517,1440
4439,4515
551,4515
2593,4515
3149,4109
2677,1440
1672,4228
1872,2809
4077,1440
1421,1440
1010,1440
2962,4515
253,4515
1680,3565
1577,4515
475,1440
3669,4515
4185,1440
932,1726
2273,4515
4047,1440
2167,3409
2909,1440
195,1440
1835,1440
1781,1440
1852,4515
4734,1440
670,4515
1797,4515
1977,3237
4175,4515
4144,1440
4652,4515
1292,4515
3345,5189
594,2912
1522,1440
2095,4515
4424,1440
2787,1440
613,1440
1835,4736
2670,4515
1815,4012
3275,4515
780,1440
2807,4515
2348,4515
2343,1440
2241,1440
3292,1440
3260,1440
3724,1440
176,2417
626,1285
1961,4515
3560,4515
3074,4515
1249,4515
4013,4515
4472,1440
3297,4515
119,1440
1593,1870
2838,1440
1547,4515
2020,4515
4110,4515
4181,4515
4481,4515
872,2793
3550,1440
4583,4293
1618,4122
1395,4515
2589,4515
3307,1440
3296,1440
1672,4694
3301,1440
793,1440
2260,3656
2622,4515
2991,4515
734,1849
291,3425
2809,4515
710,4515
1110,4515
3825,1440
1960,4515
2591,4456
436,1440
4140,4515
4740,1440
1775,1440
3535,4515
1293,1440
176,2417
1709,4515
4021,1440
1837,4515
2338,4515
3947,4515
3467,1336
936,1440
3175,2175
3346,1440
899,1440
328,4515
170,1440
4412,4515
1643,1440
1699,4423
2828,4515
1263,4515
4660,4515
4224,1440
2690,4515
2568,1440
2285,172
3179,4515
1190,1440
1638,4288
2502,3528
1190,4515
3072,4515
1502,1440
1177,5123
3218,1440
488,4515
1689,4077
367,1440
1097,4906
274,1440
2586,4515
2762,1440
932,1440
4166,1440
1919,1440
1745,4515
515,1440
1970,1440
3686,4312
625,1440
3558,1440
1983,1271
4714,1440
4626,4515
2701,4515
2255,4515
473,1440
877,2731
444,4515
3523,2241
1333,4515
2927,1440
559,4515
1285,4515
2286,1440
908,1440
3998,1440
4372,4515
1358,1440
1356,1440
127,1440
590,4515
486,1440
784,4515
1264,1440
2138,1440
3098,1549
1129,1440
2489,4515
570,4515
3058,1440
2797,1440
1769,3580
3518,4515
3755,1440
4263,4515
461,4343
2384,4515
240,1440
1533,4515
2736,4515
4004,4515
3564,1440
3943,4515
4073,1440
2926,1440
2724,4515
225,1440
1254,1440
2125,1841
2870,4515
4383,1440
1082,3597
3019,1440
271,1440
705,4182
1277,4515
1318,4515
1244,4515
4151,1440
857,4515
1147,4515
3700,4515
644,4515
605,4515
1758,1440
3142,4515
3943,1440
1985,1440
75,4515
1612,1440
1891,4515
855,4515
961,1440
2675,1440
296,1440
3083,1440
1031,1440
4305,4515
3961,4515
1768,4515
4516,4515
1162,4515
1453,1440
4714,4515
1495,4515
2872,1440
2942,1934
1065,4515
1738,4515
841,1440
627,1440
2751,4515
674,4520
1647,4515
3853,2672
157,113
1546,4515
1146,4515
2427,4515
2693,1440
3457,1440
1947,1878
2975,1440
3216,4515
1457,4515
1106,5368
2043,2255
300,4515
1249,5072
2664,4957
3238,1440
461,4515
2298,1440
2260,4031
1790,4521
3472,4515
4089,4515
4444,4515
2246,1440
754,4515
1846,4515
3464,1440
334,1440
3335,4515
4421,4515
2962,1440
2204,4515
3250,1440
766,2428
2177,4206
4198,1440
3932,5445
3106,1440
2300,1440
3334,1440
1937,4515
2486,1440
2842,4515
822,1440
1170,2551
1689,4077
2038,1440
2468,4515
219,4515
2411,1440
1778,444
2541,4515
4278,1440
3974,4515
1540,5063
4484,4515
3888,1440
2016,4515
3339,4515
2163,1440
413,1440
3690,4515
3228,4515
910,2157
2314,3409
2027,1440
1771,3634
2360,4515
681,4515
725,1440
1216,4515
297,4515
226,4515
1219,4515
687,1440
1929,860
3076,4515
1179,1440
112,1440
3501,4515
1626,4515
173,1440
1154,4515
4629,1440
1848,4515
3494,4515
2956,1440
2593,3883
1851,1440
2929,4515
4043,1440
247,1440
4155,1440
2917,1440
2051,4092
1277,1440
3628,4515
4117,4515
3698,1440
112,4515
4031,1440
4743,1440
2569,4515
2072,1440
298,4515
389,1440
1651,1440
3291,1440
1410,4515
1766,1440
4316,1440
1814,4438
1991,1440
1539,4515
2879,1440
2279,4515
3124,4515
3406,1440
1806,4515
3964,1440
877,1440
3749,4515
1923,4515
714,1440
186,1440
1085,4515
1474,1567
1393,1440
4280,4515
1793,915
2365,4646
711,1440
2630,1440
4415,1440
3067,1440
260,1440
348,1440
262,4286
1883,4515
3166,1440
3759,4515
193,1440
4616,4515
842,4515
1288,1440
1915,1440
2857,4515
2928,1440
235,4515
2669,1440
4238,1440
3603,4515
1916,4515
2553,4515
3502,4515
3700,1440
1415,1440
1609,2147
722,1440
3351,4515
4331,1440
3851,1440
2894,4515
1474,146
2603,1440
2693,4515
1154,1004
783,5034
1879,4515
2910,1440
3921,1286
4405,4515
3930,1440
1875,1440
1251,4515
4473,4515
1672,4515
3563,1440
3843,4515
3699,4515
4586,1440
1938,1157
2960,1440
2456,4515
425,4515
4028,269
4122,4515
3532,4515
4664,4515
2557,1440
4548,4515
1348,4515
2225,4515
3963,4515
765,4515
2254,1440
1874,2996
630,1440
1206,4515
1216,3883
2463,2904
3583,4515
723,4515
3379,1440
983,5297
1650,1440
1540,1440
4518,4515
3238,4515
3671,4853
4492,1440
1769,4102
351,4515
1686,1440
2044,1440
198,4515
798,4515
1294,1440
94,2773
2337,1440
34,4515
2881,1440
4536,1440
359,5087
3734,4515
2577,1440
3783,4515
2839,4515
3520,1440
411,1440
4354,1440
1725,3865
3191,4515
888,4515
3269,4515
213,3471
995,5205
851,4871
392,4515
2160,4515
3894,4515
1476,4515
4003,1440
644,1440
4273,1440
2260,3557
4679,1440
232,4515
1934,1440
4402,1440
2103,4515
4497,4515
3389,4515
1127,1440
1672,31
1443,4515
36,1440
2157,3517
1012,4515
1878,1440
1748,4515
1394,1200
3044,4515
3885,4515
2869,4515
3725,1440
3609,4515
4278,4515
848,4515
1519,3557
3032,1440
2450,1440
1678,4163
1865,4515
2507,4184
3907,4515
3240,4515
1837,1440
1194,1440
1895,4515
1262,1440
3506,4515
2983,1440
1354,3820
4174,1440
1214,4092
184,4515
3917,1440
382,3840
4132,1440
921,5073
1427,4515
3903,1779
2905,4515
1518,4515
1621,3557
3582,4515
1655,1440
664,4515
2187,4515
3159,1440
1837,4587
1084,1440
2724,1440
201,1440
2028,1440
685,1440
2365,4164
4010,4515
1837,4406
3856,4515
4064,1440
3426,4515
3551,1440
4160,4515
4465,4515
1220,1440
4276,1440
984,1440
2237,4515
3544,1440
4355,4515
428,3072
1250,4515
3880,1327
2884,5162
2141,4515
3115,4515
1736,1440
4730,4515
3509,4515
1214,4850
1833,4515
1249,1440
4705,4515
2135,1440
4690,4515
3380,4515
2728,1440
4050,1462
347,1440
1664,1440
4648,1440
2009,1440
4739,4515
2217,1440
2601,1440
522,1440
2505,4515
3369,1440
2914,4871
1291,4515
3871,1440
2592,4647
3553,4515
929,4515
4541,1440
1390,1440
2938,1440
3067,4515
2045,4515
1496,4515
4158,4515
1519,4423
3228,1440
931,4092
143,4515
152,4515
377,1440
1007,4515
2258,1440
188,1440
3778,4515
3223,4515
1175,1440
353,4515
3573,455
2932,3003
3929,4515
4478,1440
3999,1440
1984,4515
2427,1440
4704,1440
1683,5047
3204,1440
2664,1440
3037,4515
2325,4515
1082,4954
4186,4515
1279,4330
1903,3290
207,2459
1854,4515
1710,3526
3603,1440
1175,4515
4477,4515
2019,4515
2550,1440
2367,4515
1648,4515
3672,1440
3909,1440
2484,4515
208,1440
279,4515
1233,3548
2052,2676
3977,1440
3927,1440
1027,658
2070,4515
44,1440
2820,4515
4321,4515
2057,605
590,1440
1977,1440
3388,1819
1553,1007
2920,4515
2460,1440
1528,1440
648,1440
444,1440
602,1440
3331,1440
1832,3312
2615,4515
1400,3516
2077,1440
2986,1440
685,495
259,1440
2089,4515
4103,4515
929,3537
2286,4600
2021,4515
1434,2013
2705,1440
2726,4515
2805,1440
1618,4515
1554,1440
303,1440
2616,1440
807,4515
47,4515
3605,1700
227,1440
2195,1440
2783,1440
3412,2086
573,4515
3841,4515
1739,1440
2205,3788
2670,1440
3136,4515
830,4515
4381,4515
1103,3557
692,1440
750,4515
3762,1440
1817,4515
2225,1004
3994,1440
1881,4515
3970,1440
4470,1440
1985,1708
18,4515
2512,4515
3045,4515
2322,1440
3143,1440
1741,2238
662,4515
1987,4515
2340,1440
3649,4515
2596,4515
4321,1440
4503,4515
4168,4515
3469,1440
1725,4111
2691,1440
4724,4700
1558,3729
101,1440
3367,1440
96,4515
1313,5360
1641,4515
11,4515
2806,4515
4507,1440
2920,1440
4640,1440
765,1440
1646,1440
252,1440
683,4515
4343,1440
1496,3861
3694,1440
4423,1440
2603,4515
2600,1440
4676,1440
3184,4515
1513,1440
2204,1440
790,4515
2253,4376
3088,4515
4745,1440
530,1440
3123,4515
4108,4515
352,598
335,4515
116,4515
1628,4515
532,1440
1693,1440
894,2667
2007,4383
1506,4515
3108,4515
2341,2540
2369,1440
4159,4515
2093,4515
1980,4515
1111,4854
1917,167
4532,4515
2261,4515
1529,4111
517,4515
1354,1440
1325,4515
1454,4515
1170,2544
3986,4515
714,4515
1708,4774
3648,1440
241,1738
1746,4515
2775,4515
2798,4515
1781,4515
2005,3720
40,1440
1725,4417
1017,4360
1954,4515
2179,1440
1302,1440
2787,4515
1871,1440
279,3079
1214,3845
1124,1440
2742,1440
2051,4642
2136,1440
2163,515
2341,1440
1965,1440
1468,4515
4498,1440
4144,4515
189,4515
1904,4515
1448,4515
1419,4685
926,3804
1109,4515
369,1440
2995,1440
3585,1440
229,5168
3221,1440
3924,3026
3053,1440
3583,1440
910,17
2227,1946
1761,5286
68,1440
3923,4628
931,4515
3681,1440
3278,1440
3195,4515
1092,4515
3992,1440
1845,1440
4134,4515
3989,1440
1140,4515
1179,4515
1620,4515
3573,4515
891,1440
3812,1440
2323,4954
2694,4515
445,4515
1270,4515
3450,4515
1851,4515
2546,4667
4223,1440
99,1440
2145,3057
2167,1440
1623,4515
1170,2549
879,1440
3781,1440
3421,4515
637,1440
2273,1440
878,4515
1357,4515
2785,4515
991,4515
2665,4515
3364,4515
4046,3065
1592,1440
1567,1440
2571,4515
2188,4515
2985,4515
1672,76
89,4515
1023,4515
4356,1440
549,1440
1966,4515
805,4515
2782,1440
1669,1440
1899,3559
214,1440
47,3910
2041,4515
2926,4515
2972,4515
181,4515
3049,1440
1273,4515
567,1440
445,1440
3194,4515
567,4515
1850,3434
1653,4515
873,4245
2035,804
1004,4730
4630,1440
3891,1440
2390,1440
1018,1440
1034,4903
1905,4515
2238,3897
2939,703
768,3851
212,4515
1187,1440
515,4515
4307,4515
3182,4515
4157,1440
1487,1440
2008,4515
2036,4515
867,1440
3383,4515
938,1440
4423,4515
1277,3845
1208,1440
2294,874
2009,4515
2629,4515
4086,1440
167,3581
385,2518
3542,4515
4103,1440
813,1440
457,1440
2683,1440
4079,4515
2236,1440
1007,1260
4373,4515
345,4515
3025,4515
2592,1440
1394,4515
3113,471
2757,1440
2303,1440
3041,4515
3380,1440
3825,4515
3086,4515
318,1440
1514,1440
2054,1440
732,4515
1960,1440
437,4515
2505,13
2479,1440
4468,1440
2737,4515
1328,154
2957,1440
1725,4515
2203,4515
2711,1440
582,1440
1295,4515
1835,3959
828,4515
4632,1440
4506,4515
3311,4515
4148,557
4153,1440
1837,4674
1511,754
498,1440
3584,4515
162,4515
4388,1440
2339,4515
428,4515
2455,4515
354,1440
4484,1440
1699,1440
3149,1440
3891,4515
4425,1440
4130,4515
1038,4515
3252,4515
3918,4515
1496,4669
1610,617
1038,4678
4580,4515
3696,1440
1876,2604
2904,4515
4190,4515
2048,1440
706,4515
1115,1440
2295,1440
918,4515
1843,4515
4272,4515
173,4515
1682,4974
1283,4515
358,1440
3913,4515
3876,4515
1837,3516
2181,4515
888,1440
296,2183
3037,1440
4607,4515
4060,4515
1766,4515
3359,4515
1686,4515
2040,2038
1433,4111
3033,1440
2063,4515
3743,4515
4466,4515
4495,1440
632,1440
1573,1440
2707,1440
150,1440
2232,4776
4187,4515
2058,4515
483,4515
523,1440
83,1440
1816,1823
2893,4515
2537,1440
1129,4515
24,4515
3028,4515
1612,4515
3049,4515
3512,4515
3959,34
1488,1440
2382,4515
2283,4515
1466,4515
2610,4515
1542,4515
1588,4515
1560,4386
2633,1440
3679,4515
3534,4515
744,4515
3180,1440
1401,1440
1059,4515
1237,1440
3243,4515
2212,1440
2365,4850
1434,1606
825,4515
851,857
3856,1440
1400,4674
2769,1440
2285,1440
720,3674
2567,5280
1522,4515
42,1440
2016,1440
968,4515
3769,1440
1096,4515
50,4515
742,4515
1560,1440
949,4515
650,4515
1375,4515
2585,4515
66,1440
503,4515
2791,4515
452,4515
2233,4515
376,1440
1331,4515
250,1440
2545,4515
2173,4518
3713,4515
2585,2351
3945,4515
1669,4515
1365,1730
1380,4515
2922,1894
3523,4323
201,4515
3961,1440
4211,4515
3683,4515
52,1440
4382,1440
3173,4515
316,1440
3883,4515
1573,4383
1345,1004
3898,4515
2611,4515
1624,4515
129,1440
2792,4515
1360,4515
1900,5268
2863,4515
2168,4515
1329,4515
3607,1440
459,1440
3619,1412
674,1440
2949,4515
94,2772
3564,4515
1616,1440
4569,4515
2931,4515
4048,4515
4407,4515
2431,4515
100,1882
3635,1440
1839,4515
405,1440
1743,4757
460,1440
4340,4515
2342,1440
4058,1440
1531,4515
1606,1440
4032,2974
3902,4515
2304,1359
2834,4515
3275,1440
3985,1440
4011,1440
2688,1440
1023,591
2457,1440
1311,1440
2943,4515
2242,4515
2239,1440
2242,1440
1486,4515
3979,4515
4600,1440
1286,4515
1785,2704
2274,1440
1761,4515
3617,5417
3598,1355
4359,1440
2391,1440
79,1440
3018,1440
2288,5247
3342,1440
1377,4515
100,4515
1813,4515
1832,1440
1515,1440
896,4515
2617,1440
4711,4515
2585,1440
1109,3803
1516,4515
1637,4515
772,4515
3342,4515
3528,1440
389,4515
3916,4515
3363,4515
2940,4515
232,1440
2237,5394
1438,4515
3953,4515
4531,1440
1845,4851
4495,4515
4222,4515
3204,4515
2425,1049
999,1440
4044,4515
3492,4515
2301,4515
1342,1440
4411,4515
2006,4515
2514,4515
322,4515
3684,4871
1148,1440
993,3352
830,1440
3408,4515
2141,1440
4614,1440
2075,4515
1728,1440
1422,1440
3673,1440
1380,1440
4650,1440
391,4515
1067,4515
1563,1440
3605,4515
1400,4515
3378,1440
3362,1440
2566,1440
3889,1440
3414,4515
782,1440
2868,1899
4001,1440
2705,4515
2034,1440
1193,4515
3948,2865
100,2876
3254,1440
4685,1440
3372,4515
2656,4515
3210,1440
1161,4959
3935,1440
2797,4515
1031,4515
2949,1440
4245,4515
3743,1440
2290,445
924,4515
1702,985
637,4515
2506,4515
3944,701
2304,2013
1896,1440
3438,4515
2767,1440
2629,1440
1734,4515
2371,1440
1481,4515
2757,4515
317,4515
2304,3444
4279,1440
3928,1440
2986,4515
4082,4515
1077,4515
1301,1440
2499,4515
3117,1440
956,4515
1953,1440
3848,4515
4129,1440
4605,2190
592,1440
2302,1440
3292,4515
1863,4029
3273,1440
3184,5186
546,1440
3231,4515
2328,3228
399,4515
1699,4600
2919,5412
277,4515
959,3898
303,4515
4394,4515
4166,4515
1812,2662
3103,4515
1283,1440
4633,4515
800,4515
108,1440
499,4515
42,4515
2278,4515
791,1440
3642,4515
2935,1440
1991,4515
4130,1440
1484,1440
3759,1440
3651,4515
3887,4515
1761,1440
3138,1440
4273,4515
4137,1440
2630,2523
4043,4515
4208,1440
723,3506
735,1440
3334,4515
3306,4515
692,4515
4263,1440
1004,4515
3865,4515
1434,3312
1170,2547
1419,1440
1976,1440
364,4515
4302,4515
4675,1440
536,4515
3065,2179
4359,4515
1281,1440
4689,1440
739,1440
2544,4515
3363,1440
2035,4515
1265,1440
2807,1440
3674,1440
2304,1606
1316,2589
2006,1440
2331,1440
4599,1440
3236,4515
935,4850
3446,3986
3544,4515
1226,3557
1825,4515
1277,3865
2084,4455
1861,4515
3344,1440
3869,1440
2133,1440
3097,4515
2309,4515
2390,4515
159,1440
2784,3672
4549,1440
1831,1440
2279,1440
1067,1440
3714,4515
3216,1440
3549,4515
2704,4515
3161,1440
2334,1440
3347,1440
3914,1440
2350,4515
4571,4515
455,1440
757,885
599,4515
868,1048
3047,1440
2841,4515
4013,1440
3350,4515
269,4515
2865,5304
286,4515
2230,1440
2075,1182
464,1440
3002,4515
1972,1440
4282,4515
842,1440
231,4515
761,397
497,1440
3434,1440
3980,4515
4597,4515
3234,1440
898,4515
3232,2657
2746,1440
3218,4515
3283,4515
424,1254
4650,4515
3880,4515
1808,4515
3036,4515
4066,1440
2525,1440
405,4515
935,4092
815,4515
3869,4515
2051,4643
1994,1440
3971,4381
2653,1440
3616,1440
3295,1440
1379,4515
1009,1440
1600,3883
3779,4235
1406,3408
1707,4515
3525,4515
3445,4515
2741,4515
4443,4515
4244,1440
41,1440
1853,4515
1728,4445
4145,1440
1660,1440
1487,4515
2633,4515
1208,1606
3256,1440
2733,4515
3720,4515
1709,1440
510,4515
3145,4515
4745,4515
3953,1440
519,4515
3827,1440
400,5202
1141,4911
215,1440
921,1440
1391,4515
1393,4515
1880,1440
1893,4515
4688,4515
1853,1440
494,4515
3282,4515
1476,4406
1113,1440
1468,1440
3633,1440
1104,4515
603,4515
251,970
4260,4515
3836,4515
3546,4515
2515,1440
2142,4515
1343,1440
2184,4515
330,5338
4302,1440
4053,4515
2887,1440
2307,1440
4271,1440
4254,1440
677,4515
2155,4515
3590,4515
3294,4515
1246,1440
1125,1440
1404,4515
297,2775
604,1440
1817,1440
191,1440
1967,4515
2046,1440
2061,3934
4318,1440
4720,4515
3348,1440
3125,4515
1447,1440
344,4515
2500,4515
3842,1440
1857,4515
1537,4515
3436,4515
1513,4515
1746,1440
1053,3084
1173,2593
1354,3516
3462,4515
3118,1440
1751,1440
3544,3902
1889,1440
1573,3820
2733,1440
1080,3622
2546,4423
1168,4515
416,4515
3533,4515
1840,1440
2706,1440
2093,1440
3079,1531
3134,4515
2914,4515
964,4515
2576,4515
3068,599
3812,4515
3970,4515
1195,4515
893,1440
4626,1440
2637,4515
318,4515
3923,4627
2873,1440
2550,4515
777,1440
3029,5308
223,1440
782,4515
1222,4277
2706,4515
2026,4515
3577,1440
2440,4515
1907,5283
2269,5403
3908,4515
3094,4515
1354,3557
1249,2338
3779,1586
3897,1440
336,4515
1338,4515
2906,278
1038,4680
2602,4515
3327,1440
3349,1440
117,4515
3959,1440
3715,1440
4380,1440
1676,1440
2947,1440
3429,4515
1199,1440
987,4515
1873,4515
1995,1440
4006,1440
3416,4515
2140,4480
562,4606
4743,4515
1311,4515
1990,4048
4326,4515
312,1440
441,3650
4668,4515
254,1440
2337,4415
1780,4985
3284,4515
3063,4515
1980,1440
152,198
226,3903
4707,1440
3514,4515
2774,4383
262,4515
1877,4515
3257,1440
1227,4515
4214,1440
1105,4515
219,1440
1894,4515
4503,1440
2345,4515
2169,4515
1576,4515
476,1440
3876,1440
1171,1440
562,4593
2174,1440
4301,4515
1994,4515
3902,2833
2471,2904
1573,3656
2737,1440
995,1059
4346,4515
3060,4515
2859,4515
2569,1440
2774,2904
2420,3932
3141,918
2292,1440
3460,4515
1496,3884
3105,4515
565,4515
3291,4515
1798,4515
4138,1440
1939,1572
3581,4515
3928,4515
963,4515
4322,1440
1231,1440
2720,4515
1811,1440
3750,1440
1214,4035
3509,1440
3287,1440
1155,4515
4614,4515
1585,4515
326,1440
4121,4515
2567,4515
740,1445
2070,4470
2233,1440
4526,4515
4504,4515
1742,659
4194,4515
2441,4515
953,4515
550,2375
1740,4515
2592,4515
3020,1440
1653,1870
1309,4515
3004,5417
3104,1440
291,3286
1942,4493
2535,1440
3591,4515
3047,4515
1152,4515
4504,1440
481,1440
2893,1440
4204,4515
3392,4515
3303,4515
3301,4515
4444,1440
433,4515
1511,4515
213,4515
1008,4953
2500,726
3465,4515
3817,1338
4354,4515
3100,1440
4736,4515
402,1440
1651,4515
3566,1440
1859,4515
2928,4515
1971,4515
1391,1440
1150,1440
3878,2912
4352,1440
4329,4515
1307,5023
843,1440
1858,1027
2481,4515
3748,4515
4493,4515
4025,1440
693,1440
1397,4515
2782,4515
3621,4515
1235,4515
1945,4515
2521,1440
4679,4515
1600,3622
1117,1440
2324,2702
2371,4815
3955,1440
3562,1440
2483,4515
3258,4515
398,4515
2231,1440
4249,4515
4499,1440
1206,1440
4502,1440
384,4057
1575,4515
1699,4667
1958,4515
1783,4515
1400,4383
2362,1440
1977,3352
283,4515
4238,4515
1654,1440
1493,1164
2354,4515
2862,4515
3475,4515
1187,4515
1563,4515
1866,4515
325,4871
1077,1000
1839,1440
2130,4515
3643,1440
1375,2840
3944,1440
976,1440
2764,4515
1821,1440
18,1440
3207,4515
3262,4515
3950,4515
857,1440
1403,596
2970,4515
4276,4515
1148,3541
4029,1440
1027,4515
3664,4515
3567,1440
2554,34
1157,1440
1733,4037
1725,4092
1456,4515
1912,4867
907,1440
1207,5087
1879,1440
3323,1440
4659,1440
1311,4031
1712,1440
1574,4515
1223,1440
1945,1440
1952,4789
2297,1440
1037,4467
858,4515
4300,4515
801,4515
3514,1440
1526,1440
3920,4515
1503,1440
921,5073
1725,4850
4115,4515
3917,4515
1034,3884
2714,4515
2343,4515
4470,4515
3361,1440
3702,1440
3771,2279
2285,4515
2337,1015
4338,4515
848,1440
1176,4708
3785,1440
700,1440
1608,4515
1273,1440
1704,1194
1028,4854
1605,2094
2387,4515
1381,1440
2414,4515
3221,4515
4442,1440
1832,1606
2649,1440
1998,1440
2673,4515
391,1440
1213,1440
2700,1440
2423,4515
3556,4515
2346,1440
2042,4515
205,1440
2256,1440
2137,3521
3729,4515
1394,130
3721,1440
3323,4515
3330,1440
2266,1440
1529,4515
3021,4515
549,4515
2622,1440
239,3214
949,1440
1088,4515
149,4515
995,1440
395,1440
3809,4515
2397,4515
1999,1440
2766,4515
4329,1440
2104,4515
3735,1440
1964,4515
30,3704
1733,4515
2331,4515
1622,4515
92,1440
4505,4515
1163,4515
547,4515
4218,1440
995,4515
734,1440
2371,4515
2463,4079
4670,4515
2117,4515
1902,2610
1268,4515
1095,1440
3234,4515
2058,1440
1375,4047
3521,1440
2632,1440
2753,4515
2074,1440
3161,4515
2438,4515
390,1440
1349,4515
1065,1095
1704,1440
1445,4515
533,1440
2299,4515
3587,573
3206,1440
1593,2147
1807,1440
1114,2721
829,4515
3473,1440
2367,1440
2918,2206
2925,4515
1354,3541
3893,1440
2722,4515
3479,3032
1223,4515
2982,1440
2308,4515
3473,4515
3071,4515
1613,1440
2500,2013
4665,1440
4077,4515
833,1440
2167,4515
3712,1440
3594,1440
1710,3525
2112,5419
3649,1440
1736,4515
3886,4515
3728,4515
1057,1440
3443,1440
3530,1440
3354,4515
3887,1440
4658,4515
1127,4515
2413,4515
1934,4515
602,4515
4651,1440
3914,4515
12,1440
4618,4515
434,1440
2865,4515
3570,4515
1410,1440
1433,4092
1973,1553
1730,4515
1716,589
2118,3499
3931,4515
2248,1705
3781,4515
2717,4515
2236,4515
4698,4515
191,4515
1337,1440
4131,1440
2631,4515
4693,1440
1304,1440
4154,4255
2808,5058
2139,4515
2348,1440
1864,1440
3337,1440
2939,4515
4660,1440
2981,1440
1609,5072
1802,145
2790,1440
3632,2203
1277,4646
3176,4515
3374,4515
289,4070
2035,4724
1345,1059
2961,4515
2980,4515
2268,1440
2284,5437
821,1440
2291,4515
4686,4515
917,1440
662,1048
3025,1440
3317,1440
828,1440
1434,1359
1630,1440
3777,1440
1306,4515
4222,1440
2861,4515
1609,4515
652,935
2044,2220
2050,1440
3571,4371
3487,4515
2887,4515
3749,1440
2145,4428
4605,1440
4243,4515
504,4515
1547,2943
1753,4515
4262,4515
1950,4515
3419,4515
504,2692
1429,1440
889,1440
846,4201
2537,3536
1082,4714
575,1440
95,4515
1118,1440
2173,1440
362,613
308,1440
2821,4515
367,4515
1838,4515
1369,1440
2302,4515
4204,1440
3100,4515
3148,1440
2903,341
1802,4515
16,1440
545,1440
4330,1440
1488,4515
2359,4515
3281,1440
2833,4515
2756,1440
3836,3914
2749,4515
73,4515
1036,4515
1981,1440
923,4515
1673,1440
1183,4515
1792,1059
3625,4515
2074,4515
2689,1440
491,1440
4680,4515
2205,4590
1080,3883
4525,4515
3368,1440
1466,969
3470,4515
1417,4515
2045,1440
4081,1440
54,4515
2745,1440
3779,4088
1328,4515
1732,4515
4551,4515
4709,4515
2753,1440
1497,4515
2588,4515
2556,4515
757,1440
2430,1440
2605,1439
3362,4515
1345,1440
4670,1440
605,1440
1522,4132
2323,4714
3078,4515
1374,4515
2562,1440
1062,1440
3559,1440
4620,1440
2556,895
2264,4515
3002,548
4605,4515
1113,4515
2334,4515
615,4515
266,1440
1533,1440
1993,4515
2223,1440
1610,4515
961,4515
1028,4515
1971,1440
3421,1440
1942,4515
2025,4515
1970,4515
3130,4515
2768,1440
341,1440
383,4515
454,4515
4564,4515
3626,1440
3132,4515
3443,4515
4272,1440
1854,1440
4299,4515
2917,2175
76,1440
3490,4515
2051,4642
448,4515
1689,3815
1338,1440
785,4515
326,4515
3344,4515
1252,4157
1807,4515
1609,1440
1725,4646
980,1440
1938,4515
4546,4515
791,4515
2238,3897
1354,4031
4070,3047
1668,4798
2147,1440
381,1440
3954,1440
204,4515
2854,4515
1037,4467
4175,1440
3925,4515
721,5342
11,1440
1794,1440
3854,4184
156,4515
1725,1440
814,4515
368,1440
21,3481
1573,3516
1234,1440
502,5464
4053,1440
1692,1440
1484,4515
100,2140
3842,4515
1656,1440
2038,4515
436,4515
2818,1440
772,1440
406,4515
466,4515
167,5172
1501,1440
1292,1440
586,1440
2042,2804
1595,1440
76,4515
3584,1440
3255,4515
1995,4515
4505,1440
1191,4515
369,4515
3428,4515
1770,4515
577,4515
3784,1440
3580,1440
1614,1059
1303,4515
1774,719
2662,1440
3088,1440
2682,1440
2223,4515
4337,1440
1208,1359
4337,4515
971,1440
1637,1440
968,1440
685,495
2679,4515
832,1440
3498,1440
607,1440
1604,1440
407,1440
1214,4515
4109,4515
307,1440
2175,1440
4562,4515
2197,1440
2437,4515
386,4515
408,1440
4181,1440
2439,4515
2927,4515
3120,1440
51,4515
1462,1440
3875,1440
4647,2971
3665,5341
491,4515
866,1440
1574,1440
4053,5409
4521,1440
944,4515
3779,3924
4446,4515
1158,4515
291,913
4499,4515
2294,1440
854,4515
205,3371
1937,3732
642,1440
2015,2621
1375,4047
4373,1440
780,4515
2977,4515
1649,1440
1831,4515
2422,4515
1571,1440
979,1201
3453,1440
3866,4515
2769,4515
3109,1440
4097,4515
2283,1440
3995,4515
4558,4515
2114,1440
3503,4515
1478,4515
4402,4515
425,1440
2323,4796
3569,4515
4255,4515
800,1440
872,4515
1394,1440
1671,1440
159,4515
1688,4515
2067,4515
400,1440
